5c5
<   CTY Argentina: 3024 2369 0 0 655 | 0.826 0.650 0.102 0.000 0.200 | 0 0
---
>   CTY Argentina: 3024 2369 0 0 655 | 0.826 0.650 0.052 0.000 0.200 | 0 0
20c20
<   CTY Brazil: 3024 3024 0 0 0 | 0.693 0.650 0.185 0.000 0.375 | 0 0
---
>   CTY Brazil: 3024 3024 0 0 0 | 0.693 0.650 0.000 0.000 0.375 | 0 0
106c106
<   CTY Papua New Guinea: 3024 1955 0 0 1069 | 0.350 0.650 0.088 0.000 0.500 | 0 0
---
>   CTY Papua New Guinea: 3024 1955 0 0 1069 | 0.350 0.650 0.000 0.000 0.500 | 0 0
108c108
<   CTY Peru: 3024 2996 0 0 28 | 0.700 0.380 0.180 0.000 0.500 | 0 0
---
>   CTY Peru: 3024 2996 0 0 28 | 0.700 0.381 0.180 0.000 0.500 | 0 0
148c148
<   CTY Uruguay: 3024 120 0 0 2904 | 0.413 0.470 0.222 0.000 0.600 | 0 0
---
>   CTY Uruguay: 3024 120 0 0 2904 | 0.413 0.587 0.000 0.000 0.600 | 0 0
151c151
<   CTY Venezuela: 3024 1342 0 0 1682 | 0.521 0.650 0.131 0.000 0.286 | 0 0
---
>   CTY Venezuela: 3024 1342 0 0 1682 | 0.521 0.650 0.000 0.000 0.286 | 0 0
